0.584804 0.584804 0.584804
0.584804 0.584804 1.75441
0.584804 0.584804 2.92402
0.584804 0.584804 4.09362
0.584804 0.584804 5.26323
0.584804 1.75441 0.584804
0.584804 1.75441 1.75441
0.584804 1.75441 2.92402
0.584804 1.75441 4.09362
0.584804 1.75441 5.26323
0.584804 2.92402 0.584804
0.584804 2.92402 1.75441
0.584804 2.92402 2.92402
0.584804 2.92402 4.09362
0.584804 2.92402 5.26323
0.584804 4.09362 0.584804
0.584804 4.09362 1.75441
0.584804 4.09362 2.92402
0.584804 4.09362 4.09362
0.584804 4.09362 5.26323
0.584804 5.26323 0.584804
0.584804 5.26323 1.75441
0.584804 5.26323 2.92402
0.584804 5.26323 4.09362
0.584804 5.26323 5.26323
1.75441 0.584804 0.584804
1.75441 0.584804 1.75441
1.75441 0.584804 2.92402
1.75441 0.584804 4.09362
1.75441 0.584804 5.26323
1.75441 1.75441 0.584804
1.75441 1.75441 1.75441
1.75441 1.75441 2.92402
1.75441 1.75441 4.09362
1.75441 1.75441 5.26323
1.75441 2.92402 0.584804
1.75441 2.92402 1.75441
1.75441 2.92402 2.92402
1.75441 2.92402 4.09362
1.75441 2.92402 5.26323
1.75441 4.09362 0.584804
1.75441 4.09362 1.75441
1.75441 4.09362 2.92402
1.75441 4.09362 4.09362
1.75441 4.09362 5.26323
1.75441 5.26323 0.584804
1.75441 5.26323 1.75441
1.75441 5.26323 2.92402
1.75441 5.26323 4.09362
1.75441 5.26323 5.26323
2.92402 0.584804 0.584804
2.92402 0.584804 1.75441
2.92402 0.584804 2.92402
2.92402 0.584804 4.09362
2.92402 0.584804 5.26323
2.92402 1.75441 0.584804
2.92402 1.75441 1.75441
2.92402 1.75441 2.92402
2.92402 1.75441 4.09362
2.92402 1.75441 5.26323
2.92402 2.92402 0.584804
2.92402 2.92402 1.75441
2.92402 2.92402 2.92402
2.92402 2.92402 4.09362
2.92402 2.92402 5.26323
2.92402 4.09362 0.584804
2.92402 4.09362 1.75441
2.92402 4.09362 2.92402
2.92402 4.09362 4.09362
2.92402 4.09362 5.26323
2.92402 5.26323 0.584804
2.92402 5.26323 1.75441
2.92402 5.26323 2.92402
2.92402 5.26323 4.09362
2.92402 5.26323 5.26323
4.09362 0.584804 0.584804
4.09362 0.584804 1.75441
4.09362 0.584804 2.92402
4.09362 0.584804 4.09362
4.09362 0.584804 5.26323
4.09362 1.75441 0.584804
4.09362 1.75441 1.75441
4.09362 1.75441 2.92402
4.09362 1.75441 4.09362
4.09362 1.75441 5.26323
4.09362 2.92402 0.584804
4.09362 2.92402 1.75441
4.09362 2.92402 2.92402
4.09362 2.92402 4.09362
4.09362 2.92402 5.26323
4.09362 4.09362 0.584804
4.09362 4.09362 1.75441
4.09362 4.09362 2.92402
4.09362 4.09362 4.09362
4.09362 4.09362 5.26323
4.09362 5.26323 0.584804
4.09362 5.26323 1.75441
4.09362 5.26323 2.92402
4.09362 5.26323 4.09362
4.09362 5.26323 5.26323
