0 0 0
0 0 0.854988
0 0 1.70998
0 0 2.56496
0 0.854988 0
0 0.854988 0.854988
0 0.854988 1.70998
0 0.854988 2.56496
0 1.70998 0
0 1.70998 0.854988
0 1.70998 1.70998
0 1.70998 2.56496
0 2.56496 0
0 2.56496 0.854988
0 2.56496 1.70998
0 2.56496 2.56496
0 3.41995 0
0 3.41995 0.854988
0 3.41995 1.70998
0 3.41995 2.56496
0.854988 0 0
0.854988 0 0.854988
0.854988 0 1.70998
0.854988 0 2.56496
0.854988 0.854988 0
0.854988 0.854988 0.854988
0.854988 0.854988 1.70998
0.854988 0.854988 2.56496
0.854988 1.70998 0
0.854988 1.70998 0.854988
0.854988 1.70998 1.70998
0.854988 1.70998 2.56496
0.854988 2.56496 0
0.854988 2.56496 0.854988
0.854988 2.56496 1.70998
0.854988 2.56496 2.56496
0.854988 3.41995 0
0.854988 3.41995 0.854988
0.854988 3.41995 1.70998
0.854988 3.41995 2.56496
1.70998 0 0
1.70998 0 0.854988
1.70998 0 1.70998
1.70998 0 2.56496
1.70998 0.854988 0
1.70998 0.854988 0.854988
1.70998 0.854988 1.70998
1.70998 0.854988 2.56496
1.70998 1.70998 0
1.70998 1.70998 0.854988
1.70998 1.70998 1.70998
1.70998 1.70998 2.56496
1.70998 2.56496 0
1.70998 2.56496 0.854988
1.70998 2.56496 1.70998
1.70998 2.56496 2.56496
1.70998 3.41995 0
1.70998 3.41995 0.854988
1.70998 3.41995 1.70998
1.70998 3.41995 2.56496
2.56496 0 0
2.56496 0 0.854988
2.56496 0 1.70998
2.56496 0 2.56496
2.56496 0.854988 0
2.56496 0.854988 0.854988
2.56496 0.854988 1.70998
2.56496 0.854988 2.56496
2.56496 1.70998 0
2.56496 1.70998 0.854988
2.56496 1.70998 1.70998
2.56496 1.70998 2.56496
2.56496 2.56496 0
2.56496 2.56496 0.854988
2.56496 2.56496 1.70998
2.56496 2.56496 2.56496
2.56496 3.41995 0
2.56496 3.41995 0.854988
2.56496 3.41995 1.70998
2.56496 3.41995 2.56496
3.41995 0 0
3.41995 0 0.854988
3.41995 0 1.70998
3.41995 0 2.56496
3.41995 0.854988 0
3.41995 0.854988 0.854988
3.41995 0.854988 1.70998
3.41995 0.854988 2.56496
3.41995 1.70998 0
3.41995 1.70998 0.854988
3.41995 1.70998 1.70998
3.41995 1.70998 2.56496
3.41995 2.56496 0
3.41995 2.56496 0.854988
3.41995 2.56496 1.70998
3.41995 2.56496 2.56496
3.41995 3.41995 0
3.41995 3.41995 0.854988
3.41995 3.41995 1.70998
3.41995 3.41995 2.56496
