   0.0000000000000000        0.0000000000000000        0.0000000000000000     
   1.2599210323934844        0.0000000000000000        0.0000000000000000     
   2.5198420647869688        0.0000000000000000        0.0000000000000000     
   3.7797630971804530        0.0000000000000000        0.0000000000000000     
   5.0396841295739376        0.0000000000000000        0.0000000000000000     
   0.0000000000000000        1.2599210323934844        0.0000000000000000     
   1.2599210323934844        1.2599210323934844        0.0000000000000000     
   2.5198420647869688        1.2599210323934844        0.0000000000000000     
   3.7797630971804530        1.2599210323934844        0.0000000000000000     
   5.0396841295739376        1.2599210323934844        0.0000000000000000     
   0.0000000000000000        2.5198420647869688        0.0000000000000000     
   1.2599210323934844        2.5198420647869688        0.0000000000000000     
   2.5198420647869688        2.5198420647869688        0.0000000000000000     
   3.7797630971804530        2.5198420647869688        0.0000000000000000     
   5.0396841295739376        2.5198420647869688        0.0000000000000000     
   0.0000000000000000        3.7797630971804530        0.0000000000000000     
   1.2599210323934844        3.7797630971804530        0.0000000000000000     
   2.5198420647869688        3.7797630971804530        0.0000000000000000     
   3.7797630971804530        3.7797630971804530        0.0000000000000000     
   5.0396841295739376        3.7797630971804530        0.0000000000000000     
   0.0000000000000000        5.0396841295739376        0.0000000000000000     
   1.2599210323934844        5.0396841295739376        0.0000000000000000     
   2.5198420647869688        5.0396841295739376        0.0000000000000000     
   3.7797630971804530        5.0396841295739376        0.0000000000000000     
   5.0396841295739376        5.0396841295739376        0.0000000000000000     
   0.0000000000000000        0.0000000000000000        1.2599210323934844     
   1.2599210323934844        0.0000000000000000        1.2599210323934844     
   2.5198420647869688        0.0000000000000000        1.2599210323934844     
   3.7797630971804530        0.0000000000000000        1.2599210323934844     
   5.0396841295739376        0.0000000000000000        1.2599210323934844     
   0.0000000000000000        1.2599210323934844        1.2599210323934844     
   1.2599210323934844        1.2599210323934844        1.2599210323934844     
   2.5198420647869688        1.2599210323934844        1.2599210323934844     
   3.7797630971804530        1.2599210323934844        1.2599210323934844     
   5.0396841295739376        1.2599210323934844        1.2599210323934844     
   0.0000000000000000        2.5198420647869688        1.2599210323934844     
   1.2599210323934844        2.5198420647869688        1.2599210323934844     
   2.5198420647869688        2.5198420647869688        1.2599210323934844     
   3.7797630971804530        2.5198420647869688        1.2599210323934844     
   5.0396841295739376        2.5198420647869688        1.2599210323934844     
   0.0000000000000000        3.7797630971804530        1.2599210323934844     
   1.2599210323934844        3.7797630971804530        1.2599210323934844     
   2.5198420647869688        3.7797630971804530        1.2599210323934844     
   3.7797630971804530        3.7797630971804530        1.2599210323934844     
   5.0396841295739376        3.7797630971804530        1.2599210323934844     
   0.0000000000000000        5.0396841295739376        1.2599210323934844     
   1.2599210323934844        5.0396841295739376        1.2599210323934844     
   2.5198420647869688        5.0396841295739376        1.2599210323934844     
   3.7797630971804530        5.0396841295739376        1.2599210323934844     
   5.0396841295739376        5.0396841295739376        1.2599210323934844     
   0.0000000000000000        0.0000000000000000        2.5198420647869688     
   1.2599210323934844        0.0000000000000000        2.5198420647869688     
   2.5198420647869688        0.0000000000000000        2.5198420647869688     
   3.7797630971804530        0.0000000000000000        2.5198420647869688     
   5.0396841295739376        0.0000000000000000        2.5198420647869688     
   0.0000000000000000        1.2599210323934844        2.5198420647869688     
   1.2599210323934844        1.2599210323934844        2.5198420647869688     
   2.5198420647869688        1.2599210323934844        2.5198420647869688     
   3.7797630971804530        1.2599210323934844        2.5198420647869688     
   5.0396841295739376        1.2599210323934844        2.5198420647869688     
   0.0000000000000000        2.5198420647869688        2.5198420647869688     
   1.2599210323934844        2.5198420647869688        2.5198420647869688     
   2.5198420647869688        2.5198420647869688        2.5198420647869688     
   3.7797630971804530        2.5198420647869688        2.5198420647869688     
   5.0396841295739376        2.5198420647869688        2.5198420647869688     
   0.0000000000000000        3.7797630971804530        2.5198420647869688     
   1.2599210323934844        3.7797630971804530        2.5198420647869688     
   2.5198420647869688        3.7797630971804530        2.5198420647869688     
   3.7797630971804530        3.7797630971804530        2.5198420647869688     
   5.0396841295739376        3.7797630971804530        2.5198420647869688     
   0.0000000000000000        5.0396841295739376        2.5198420647869688     
   1.2599210323934844        5.0396841295739376        2.5198420647869688     
   2.5198420647869688        5.0396841295739376        2.5198420647869688     
   3.7797630971804530        5.0396841295739376        2.5198420647869688     
   5.0396841295739376        5.0396841295739376        2.5198420647869688     
   0.0000000000000000        0.0000000000000000        3.7797630971804530     
   1.2599210323934844        0.0000000000000000        3.7797630971804530     
   2.5198420647869688        0.0000000000000000        3.7797630971804530     
   3.7797630971804530        0.0000000000000000        3.7797630971804530     
   5.0396841295739376        0.0000000000000000        3.7797630971804530     
   0.0000000000000000        1.2599210323934844        3.7797630971804530     
   1.2599210323934844        1.2599210323934844        3.7797630971804530     
   2.5198420647869688        1.2599210323934844        3.7797630971804530     
   3.7797630971804530        1.2599210323934844        3.7797630971804530     
   5.0396841295739376        1.2599210323934844        3.7797630971804530     
   0.0000000000000000        2.5198420647869688        3.7797630971804530     
   1.2599210323934844        2.5198420647869688        3.7797630971804530     
   2.5198420647869688        2.5198420647869688        3.7797630971804530     
   3.7797630971804530        2.5198420647869688        3.7797630971804530     
   5.0396841295739376        2.5198420647869688        3.7797630971804530     
   0.0000000000000000        3.7797630971804530        3.7797630971804530     
   1.2599210323934844        3.7797630971804530        3.7797630971804530     
   2.5198420647869688        3.7797630971804530        3.7797630971804530     
   3.7797630971804530        3.7797630971804530        3.7797630971804530     
   5.0396841295739376        3.7797630971804530        3.7797630971804530     
   0.0000000000000000        5.0396841295739376        3.7797630971804530     
   1.2599210323934844        5.0396841295739376        3.7797630971804530     
   2.5198420647869688        5.0396841295739376        3.7797630971804530     
   3.7797630971804530        5.0396841295739376        3.7797630971804530     
   5.0396841295739376        5.0396841295739376        3.7797630971804530     
